134
27
89
63
187
4
162
189
137
63
80
18
32
33
170
10
143
11
121
161
126
24
14
153
70
156
46
163
169
64
67
50
64
193
12
133
30
173
92
105
141
78
44
32
163
2
12
200
196
66
142
195
160
161
36
158
143
46
200
165
167
167
37
57
115
94
112
60
117
146
78
104
84
90
28
89
32
86
28
22
166
112
87
169
130
79
39
86
168
105
188
104
2
103
179
83
27
40
20
126
41
8
152
113
48
141
94
171
54
49
71
75
107
100
30
54
50
173
122
180
193
40
187
7
42
127
127
103
39
49
75
54
90
142
7
196
98
61
178
88
57
12
154
183
54
55
80
63
39
188
33
87
3
164
186
68
128
52
55
80
123
82
158
88
3
71
49
89
130
17
171
99
79
72
124
30
129
8
36
103
110
126
119
157
123
113
168
83
20
171
176
181
95
61
134
31
84
154
23
5
44
42
43
152
52
178
108
5
82
119
25
56
18
121
35
181
25
44
100
189
170
7
194
111
117
111
75
2
137
100
56
160
6
159
130
67
33
166
43
40
17
23
114
87
115
22
55
70
186
173
37
3
132
171
107
129
68
159
124
83
114
10
17
87
66
99
10
70
48
41
35
108
92
24
133
50
68
72
52
46
176
90
28
41
4
36
94
24
14
11
64
6
143
184
25
56
23
35
177
106
82
27
146
177
115
43
72
31
4
135
43
78
86
58
98
9
94
191
57
71
18
9
118
104
95
135
180
60
22
14
132
9
67
42
156
181
66
98
160
195
118
110
8
11
92
58
20
6
191
71
5
31
109
106
153
61
194
166
60
99
184
122
58
84
179
48
158
109
160
137
95
146
162
88
164
157
183
128
37
79
165
