160
132
41
83
28
98
53
119
56
152
118
62
109
170
115
106
20
94
97
69
25
17
63
126
119
65
30
48
175
87
89
184
198
176
173
37
91
55
97
104
102
122
136
75
8
113
75
160
187
99
74
55
33
187
9
87
9
49
65
80
162
57
98
56
172
160
7
104
11
123
112
188
189
50
40
39
86
28
19
162
143
33
58
38
149
155
5
104
144
73
59
36
141
129
61
106
157
52
4
165
171
133
111
83
73
100
87
132
115
195
58
188
20
36
126
32
171
41
173
167
161
94
84
61
81
184
13
91
62
46
169
114
50
196
77
159
191
11
40
29
92
94
105
122
191
196
26
7
150
75
151
183
158
141
160
49
167
168
85
37
43
65
57
37
25
102
192
8
86
129
112
102
128
30
70
33
40
25
123
70
84
46
121
92
182
50
91
195
87
190
144
100
77
126
38
58
88
147
51
63
155
60
66
5
131
74
124
128
127
43
115
108
63
142
159
28
120
109
190
68
78
32
80
17
135
39
76
43
151
171
36
74
13
150
17
86
54
142
189
51
143
11
157
165
134
175
38
185
99
158
176
192
124
61
171
83
139
76
173
185
41
29
89
59
69
155
147
151
103
49
150
89
172
154
15
121
118
134
158
48
140
7
43
99
84
120
35
85
198
68
66
51
169
77
116
111
105
88
29
143
149
42
80
113
57
38
114
42
13
35
42
56
15
103
39
67
35
26
78
73
131
81
108
182
32
154
19
100
53
55
52
54
69
4
62
5
139
68
9
67
53
66
8
81
161
15
67
48
88
60
170
78
92
135
4
127
54
94
46
54
76
52
19
183
20
60
103
30
98
136
168
59
116
152
97
140
85
26
70
133
