87
179
187
136
77
112
37
94
100
154
142
9
82
137
171
184
140
23
180
86
12
150
29
26
113
2
94
74
158
54
25
71
139
153
79
46
69
173
81
147
102
54
77
192
64
150
7
38
190
72
85
193
89
38
28
102
137
15
100
81
60
116
194
49
120
105
52
63
110
141
23
7
67
95
48
27
53
177
161
8
173
104
170
49
156
46
77
198
124
171
88
72
79
189
185
79
184
73
73
181
44
46
130
115
63
69
71
99
90
17
26
10
97
15
44
55
91
24
48
89
19
109
186
119
112
65
11
187
90
37
62
194
51
149
59
2
6
95
33
20
135
179
51
146
25
113
182
9
107
48
14
6
6
11
200
44
195
17
59
86
175
102
141
65
27
149
27
99
139
131
154
198
22
33
81
130
99
17
186
55
82
152
142
146
158
43
87
133
119
162
67
37
39
164
57
20
177
52
107
196
67
150
87
18
3
111
60
51
117
88
124
104
14
185
15
111
134
189
173
130
144
94
164
172
85
157
38
151
129
28
29
196
53
180
49
57
89
137
26
135
12
75
129
62
117
88
10
13
8
161
178
4
20
43
162
31
31
56
3
24
43
104
10
73
4
171
57
105
60
19
18
82
193
72
181
7
140
13
11
39
43
115
29
167
94
155
120
163
156
134
87
182
28
85
2
158
175
147
69
74
76
54
190
18
59
55
170
19
91
155
9
115
65
166
75
157
38
25
122
33
13
76
39
195
192
167
109
56
116
64
56
74
91
153
3
133
76
166
172
31
100
14
155
166
4
146
97
110
90
22
62
95
163
181
136
53
200
151
159
144
122
178
75
23
52
63
171
151
24
159
152
64
71
8
97
54
86
131
12
22
71
