166
14
186
38
86
76
84
6
166
56
188
22
121
61
2
48
106
29
38
95
50
58
127
40
179
146
126
117
153
27
111
100
144
98
84
100
65
172
49
123
19
48
190
26
139
121
13
169
38
20
180
88
73
24
26
32
30
18
85
116
130
56
6
108
73
139
62
157
27
150
186
143
18
95
28
42
29
166
91
68
3
49
31
85
68
42
152
36
92
160
163
61
200
64
28
176
58
76
44
85
172
66
98
86
110
40
157
32
191
156
30
86
132
110
70
169
155
44
5
126
35
182
65
190
97
119
192
103
67
175
147
180
142
124
79
82
53
152
10
185
87
80
124
12
140
198
142
64
177
92
58
53
67
24
24
116
14
19
155
100
176
92
137
170
23
81
164
91
18
35
143
62
69
7
59
31
73
71
41
151
65
126
133
69
114
198
31
83
38
177
71
168
191
173
136
107
131
103
12
83
2
183
128
27
67
90
62
76
111
36
72
81
146
3
102
104
127
46
137
130
36
173
19
66
80
46
51
70
185
87
170
9
50
151
120
12
6
84
14
78
35
74
149
64
7
150
97
194
181
173
10
22
175
30
165
83
118
119
50
183
77
22
51
193
168
95
194
128
28
147
29
69
117
15
41
114
106
78
23
74
181
163
137
188
160
104
130
20
66
102
77
82
87
149
13
71
9
164
61
140
80
7
49
59
90
74
103
178
120
88
179
88
79
56
41
53
123
48
181
87
3
77
9
90
104
161
81
51
15
132
151
178
72
136
156
97
155
78
26
143
23
44
5
153
133
71
72
59
165
82
13
182
160
20
5
2
118
160
91
42
131
107
193
192
32
15
150
10
200
68
46
108
40
102
70
79
144
146
98
161
