80
188
40
53
128
114
4
103
51
98
82
8
27
3
85
144
112
115
60
35
75
195
77
19
91
69
198
19
176
150
151
52
44
62
135
107
155
55
137
35
76
70
102
120
127
195
26
116
50
175
129
137
158
65
171
134
115
72
191
70
172
141
80
74
8
167
26
3
36
85
50
25
121
13
76
51
115
57
55
91
25
15
57
52
198
3
68
11
72
66
23
43
29
177
153
53
5
172
185
105
196
182
78
66
127
105
37
171
126
41
4
194
179
14
144
14
110
41
109
165
179
55
2
52
91
94
15
12
39
19
17
13
79
92
66
122
191
107
68
58
84
18
163
58
32
190
143
27
42
97
182
200
68
63
51
164
128
94
110
102
183
59
136
164
155
99
65
123
32
113
35
149
153
54
13
99
63
78
184
77
97
29
151
75
43
11
92
140
42
158
44
59
42
38
189
183
160
132
160
78
122
82
5
158
150
30
25
189
38
168
5
112
126
72
44
43
155
94
58
159
136
109
163
40
194
135
171
77
97
83
27
167
73
160
23
103
81
139
79
18
98
2
154
61
89
147
131
99
11
186
130
141
69
139
37
118
140
41
33
143
74
190
30
37
65
60
15
150
180
154
114
62
39
82
89
106
123
50
130
83
30
147
17
29
169
61
53
4
151
76
79
54
98
132
59
32
92
188
118
184
108
130
94
192
43
54
36
165
169
108
126
187
17
102
38
57
26
73
84
120
89
54
60
70
61
162
113
18
180
162
81
2
149
200
168
85
131
116
106
74
33
129
121
80
176
39
160
75
36
38
143
73
196
63
62
81
33
187
159
12
40
12
185
134
84
8
83
177
14
69
137
171
175
23
186
103
192
